16000000	16000000	76.0
16000000	16500000	3.0
16500000	16500000	853.0
16000000	17000000	7.0
16500000	17000000	136.0
17000000	17000000	10154.0
16000000	17500000	3.0
16500000	17500000	47.0
17000000	17500000	2078.0
17500000	17500000	26818.0
16500000	18000000	30.0
17000000	18000000	765.0
17500000	18000000	4046.0
18000000	18000000	23386.0
16500000	18500000	6.0
17000000	18500000	154.0
17500000	18500000	638.0
18000000	18500000	3075.0
18500000	18500000	8801.0
16500000	19000000	5.0
17000000	19000000	113.0
17500000	19000000	423.0
18000000	19000000	1004.0
18500000	19000000	1996.0
19000000	19000000	26732.0
16500000	19500000	1.0
17000000	19500000	83.0
17500000	19500000	352.0
18000000	19500000	758.0
18500000	19500000	1154.0
19000000	19500000	5785.0
19500000	19500000	24327.0
17000000	20000000	38.0
17500000	20000000	134.0
18000000	20000000	245.0
18500000	20000000	261.0
19000000	20000000	1016.0
19500000	20000000	3650.0
20000000	20000000	11987.0
16000000	20500000	1.0
16500000	20500000	1.0
17000000	20500000	20.0
17500000	20500000	121.0
18000000	20500000	194.0
18500000	20500000	167.0
19000000	20500000	664.0
19500000	20500000	1145.0
20000000	20500000	1843.0
20500000	20500000	13764.0
16500000	21000000	2.0
17000000	21000000	42.0
17500000	21000000	173.0
18000000	21000000	343.0
18500000	21000000	257.0
19000000	21000000	989.0
19500000	21000000	1214.0
20000000	21000000	1279.0
20500000	21000000	3139.0
21000000	21000000	20230.0
17000000	21500000	11.0
17500000	21500000	36.0
18000000	21500000	72.0
18500000	21500000	47.0
19000000	21500000	157.0
19500000	21500000	183.0
20000000	21500000	118.0
20500000	21500000	186.0
21000000	21500000	621.0
21500000	21500000	4110.0
16000000	22000000	1.0
16500000	22000000	2.0
17000000	22000000	57.0
17500000	22000000	220.0
18000000	22000000	384.0
18500000	22000000	266.0
19000000	22000000	677.0
19500000	22000000	669.0
20000000	22000000	461.0
20500000	22000000	542.0
21000000	22000000	1591.0
21500000	22000000	1588.0
22000000	22000000	24695.0
16500000	22500000	7.0
17000000	22500000	99.0
17500000	22500000	223.0
18000000	22500000	334.0
18500000	22500000	227.0
19000000	22500000	348.0
19500000	22500000	459.0
20000000	22500000	200.0
20500000	22500000	218.0
21000000	22500000	569.0
21500000	22500000	181.0
22000000	22500000	2440.0
22500000	22500000	18875.0
16000000	23000000	2.0
16500000	23000000	2.0
17000000	23000000	87.0
17500000	23000000	237.0
18000000	23000000	280.0
18500000	23000000	178.0
19000000	23000000	343.0
19500000	23000000	395.0
20000000	23000000	204.0
20500000	23000000	224.0
21000000	23000000	422.0
21500000	23000000	116.0
22000000	23000000	930.0
22500000	23000000	3506.0
23000000	23000000	27583.0
16500000	23500000	4.0
17000000	23500000	55.0
17500000	23500000	172.0
18000000	23500000	322.0
18500000	23500000	190.0
19000000	23500000	373.0
19500000	23500000	429.0
20000000	23500000	219.0
20500000	23500000	220.0
21000000	23500000	464.0
21500000	23500000	91.0
22000000	23500000	737.0
22500000	23500000	1390.0
23000000	23500000	5056.0
23500000	23500000	20782.0
17000000	24000000	28.0
17500000	24000000	119.0
18000000	24000000	208.0
18500000	24000000	113.0
19000000	24000000	320.0
19500000	24000000	337.0
20000000	24000000	220.0
20500000	24000000	201.0
21000000	24000000	338.0
21500000	24000000	109.0
22000000	24000000	563.0
22500000	24000000	518.0
23000000	24000000	1220.0
23500000	24000000	4068.0
24000000	24000000	18881.0
17000000	24500000	52.0
17500000	24500000	194.0
18000000	24500000	337.0
18500000	24500000	159.0
19000000	24500000	410.0
19500000	24500000	390.0
20000000	24500000	204.0
20500000	24500000	226.0
21000000	24500000	400.0
21500000	24500000	98.0
22000000	24500000	579.0
22500000	24500000	588.0
23000000	24500000	1033.0
23500000	24500000	1710.0
24000000	24500000	4568.0
24500000	24500000	25364.0
16000000	25000000	1.0
16500000	25000000	12.0
17000000	25000000	107.0
17500000	25000000	241.0
18000000	25000000	307.0
18500000	25000000	187.0
19000000	25000000	256.0
19500000	25000000	298.0
20000000	25000000	137.0
20500000	25000000	138.0
21000000	25000000	236.0
21500000	25000000	42.0
22000000	25000000	405.0
22500000	25000000	782.0
23000000	25000000	862.0
23500000	25000000	989.0
24000000	25000000	840.0
24500000	25000000	2049.0
25000000	25000000	17598.0
16000000	25500000	3.0
16500000	25500000	10.0
17000000	25500000	143.0
17500000	25500000	294.0
18000000	25500000	321.0
18500000	25500000	165.0
19000000	25500000	217.0
19500000	25500000	234.0
20000000	25500000	120.0
20500000	25500000	105.0
21000000	25500000	199.0
21500000	25500000	36.0
22000000	25500000	306.0
22500000	25500000	548.0
23000000	25500000	548.0
23500000	25500000	482.0
24000000	25500000	312.0
24500000	25500000	492.0
25000000	25500000	2394.0
25500000	25500000	18316.0
16000000	26000000	3.0
16500000	26000000	21.0
17000000	26000000	214.0
17500000	26000000	262.0
18000000	26000000	258.0
18500000	26000000	135.0
19000000	26000000	166.0
19500000	26000000	197.0
20000000	26000000	74.0
20500000	26000000	77.0
21000000	26000000	132.0
21500000	26000000	30.0
22000000	26000000	216.0
22500000	26000000	504.0
23000000	26000000	396.0
23500000	26000000	371.0
24000000	26000000	199.0
24500000	26000000	268.0
25000000	26000000	963.0
25500000	26000000	4572.0
26000000	26000000	23328.0
16000000	26500000	2.0
16500000	26500000	9.0
17000000	26500000	161.0
17500000	26500000	298.0
18000000	26500000	316.0
18500000	26500000	156.0
19000000	26500000	236.0
19500000	26500000	221.0
20000000	26500000	116.0
20500000	26500000	114.0
21000000	26500000	169.0
21500000	26500000	40.0
22000000	26500000	259.0
22500000	26500000	393.0
23000000	26500000	417.0
23500000	26500000	331.0
24000000	26500000	226.0
24500000	26500000	311.0
25000000	26500000	712.0
25500000	26500000	1870.0
26000000	26500000	3360.0
26500000	26500000	24265.0
16500000	27000000	14.0
17000000	27000000	175.0
17500000	27000000	282.0
18000000	27000000	327.0
18500000	27000000	144.0
19000000	27000000	189.0
19500000	27000000	202.0
20000000	27000000	104.0
20500000	27000000	75.0
21000000	27000000	164.0
21500000	27000000	23.0
22000000	27000000	215.0
22500000	27000000	378.0
23000000	27000000	355.0
23500000	27000000	299.0
24000000	27000000	187.0
24500000	27000000	246.0
25000000	27000000	563.0
25500000	27000000	1062.0
26000000	27000000	1395.0
26500000	27000000	5603.0
27000000	27000000	24354.0
16000000	27500000	1.0
16500000	27500000	18.0
17000000	27500000	173.0
17500000	27500000	218.0
18000000	27500000	184.0
18500000	27500000	134.0
19000000	27500000	118.0
19500000	27500000	141.0
20000000	27500000	56.0
20500000	27500000	47.0
21000000	27500000	100.0
21500000	27500000	18.0
22000000	27500000	155.0
22500000	27500000	417.0
23000000	27500000	296.0
23500000	27500000	231.0
24000000	27500000	85.0
24500000	27500000	142.0
25000000	27500000	531.0
25500000	27500000	813.0
26000000	27500000	1693.0
26500000	27500000	1947.0
27000000	27500000	4955.0
27500000	27500000	23845.0
16000000	28000000	2.0
16500000	28000000	12.0
17000000	28000000	126.0
17500000	28000000	283.0
18000000	28000000	257.0
18500000	28000000	138.0
19000000	28000000	157.0
19500000	28000000	177.0
20000000	28000000	92.0
20500000	28000000	66.0
21000000	28000000	146.0
21500000	28000000	35.0
22000000	28000000	209.0
22500000	28000000	371.0
23000000	28000000	349.0
23500000	28000000	297.0
24000000	28000000	147.0
24500000	28000000	195.0
25000000	28000000	529.0
25500000	28000000	729.0
26000000	28000000	976.0
26500000	28000000	1351.0
27000000	28000000	2141.0
27500000	28000000	3304.0
28000000	28000000	19678.0
16000000	28500000	3.0
16500000	28500000	17.0
17000000	28500000	181.0
17500000	28500000	255.0
18000000	28500000	236.0
18500000	28500000	126.0
19000000	28500000	150.0
19500000	28500000	180.0
20000000	28500000	71.0
20500000	28500000	61.0
21000000	28500000	129.0
21500000	28500000	30.0
22000000	28500000	194.0
22500000	28500000	376.0
23000000	28500000	288.0
23500000	28500000	225.0
24000000	28500000	135.0
24500000	28500000	170.0
25000000	28500000	480.0
25500000	28500000	555.0
26000000	28500000	890.0
26500000	28500000	843.0
27000000	28500000	1077.0
27500000	28500000	1325.0
28000000	28500000	3854.0
28500000	28500000	22697.0
17000000	29000000	99.0
17500000	29000000	247.0
18000000	29000000	276.0
18500000	29000000	147.0
19000000	29000000	271.0
19500000	29000000	253.0
20000000	29000000	95.0
20500000	29000000	114.0
21000000	29000000	222.0
21500000	29000000	64.0
22000000	29000000	305.0
22500000	29000000	320.0
23000000	29000000	295.0
23500000	29000000	287.0
24000000	29000000	210.0
24500000	29000000	303.0
25000000	29000000	390.0
25500000	29000000	466.0
26000000	29000000	399.0
26500000	29000000	673.0
27000000	29000000	745.0
27500000	29000000	529.0
28000000	29000000	2204.0
28500000	29000000	4012.0
29000000	29000000	27110.0
16500000	29500000	1.0
17000000	29500000	54.0
17500000	29500000	215.0
18000000	29500000	273.0
18500000	29500000	158.0
19000000	29500000	349.0
19500000	29500000	301.0
20000000	29500000	164.0
20500000	29500000	127.0
21000000	29500000	269.0
21500000	29500000	71.0
22000000	29500000	338.0
22500000	29500000	283.0
23000000	29500000	257.0
23500000	29500000	304.0
24000000	29500000	287.0
24500000	29500000	342.0
25000000	29500000	324.0
25500000	29500000	334.0
26000000	29500000	291.0
26500000	29500000	468.0
27000000	29500000	492.0
27500000	29500000	355.0
28000000	29500000	920.0
28500000	29500000	1254.0
29000000	29500000	3623.0
29500000	29500000	22165.0
16500000	30000000	4.0
17000000	30000000	31.0
17500000	30000000	137.0
18000000	30000000	224.0
18500000	30000000	119.0
19000000	30000000	355.0
19500000	30000000	259.0
20000000	30000000	152.0
20500000	30000000	136.0
21000000	30000000	258.0
21500000	30000000	39.0
22000000	30000000	358.0
22500000	30000000	183.0
23000000	30000000	196.0
23500000	30000000	207.0
24000000	30000000	241.0
24500000	30000000	390.0
25000000	30000000	221.0
25500000	30000000	203.0
26000000	30000000	166.0
26500000	30000000	256.0
27000000	30000000	238.0
27500000	30000000	141.0
28000000	30000000	324.0
28500000	30000000	378.0
29000000	30000000	816.0
29500000	30000000	4851.0
30000000	30000000	29936.0
16500000	30500000	2.0
17000000	30500000	33.0
17500000	30500000	100.0
18000000	30500000	152.0
18500000	30500000	109.0
19000000	30500000	284.0
19500000	30500000	265.0
20000000	30500000	146.0
20500000	30500000	129.0
21000000	30500000	256.0
21500000	30500000	67.0
22000000	30500000	299.0
22500000	30500000	189.0
23000000	30500000	242.0
23500000	30500000	205.0
24000000	30500000	214.0
24500000	30500000	280.0
25000000	30500000	188.0
25500000	30500000	169.0
26000000	30500000	155.0
26500000	30500000	219.0
27000000	30500000	218.0
27500000	30500000	169.0
28000000	30500000	257.0
28500000	30500000	327.0
29000000	30500000	625.0
29500000	30500000	2191.0
30000000	30500000	6005.0
30500000	30500000	29149.0
17000000	31000000	45.0
17500000	31000000	169.0
18000000	31000000	236.0
18500000	31000000	163.0
19000000	31000000	339.0
19500000	31000000	337.0
20000000	31000000	145.0
20500000	31000000	163.0
21000000	31000000	281.0
21500000	31000000	59.0
22000000	31000000	300.0
22500000	31000000	282.0
23000000	31000000	255.0
23500000	31000000	261.0
24000000	31000000	225.0
24500000	31000000	273.0
25000000	31000000	279.0
25500000	31000000	273.0
26000000	31000000	233.0
26500000	31000000	288.0
27000000	31000000	353.0
27500000	31000000	248.0
28000000	31000000	370.0
28500000	31000000	459.0
29000000	31000000	665.0
29500000	31000000	1267.0
30000000	31000000	1694.0
30500000	31000000	3639.0
31000000	31000000	26206.0
16500000	31500000	2.0
17000000	31500000	37.0
17500000	31500000	151.0
18000000	31500000	234.0
18500000	31500000	109.0
19000000	31500000	355.0
19500000	31500000	273.0
20000000	31500000	161.0
20500000	31500000	166.0
21000000	31500000	280.0
21500000	31500000	61.0
22000000	31500000	307.0
22500000	31500000	159.0
23000000	31500000	177.0
23500000	31500000	212.0
24000000	31500000	267.0
24500000	31500000	304.0
25000000	31500000	154.0
25500000	31500000	190.0
26000000	31500000	116.0
26500000	31500000	255.0
27000000	31500000	221.0
27500000	31500000	105.0
28000000	31500000	259.0
28500000	31500000	217.0
29000000	31500000	511.0
29500000	31500000	1139.0
30000000	31500000	1415.0
30500000	31500000	1868.0
31000000	31500000	6052.0
31500000	31500000	26815.0
16500000	32000000	2.0
17000000	32000000	61.0
17500000	32000000	220.0
18000000	32000000	323.0
18500000	32000000	138.0
19000000	32000000	376.0
19500000	32000000	283.0
20000000	32000000	132.0
20500000	32000000	150.0
21000000	32000000	240.0
21500000	32000000	79.0
22000000	32000000	315.0
22500000	32000000	223.0
23000000	32000000	255.0
23500000	32000000	224.0
24000000	32000000	220.0
24500000	32000000	310.0
25000000	32000000	229.0
25500000	32000000	278.0
26000000	32000000	238.0
26500000	32000000	362.0
27000000	32000000	353.0
27500000	32000000	247.0
28000000	32000000	414.0
28500000	32000000	462.0
29000000	32000000	626.0
29500000	32000000	1077.0
30000000	32000000	1028.0
30500000	32000000	917.0
31000000	32000000	1591.0
31500000	32000000	5521.0
32000000	32000000	26789.0
16000000	32500000	2.0
16500000	32500000	8.0
17000000	32500000	109.0
17500000	32500000	257.0
18000000	32500000	294.0
18500000	32500000	142.0
19000000	32500000	174.0
19500000	32500000	212.0
20000000	32500000	102.0
20500000	32500000	68.0
21000000	32500000	149.0
21500000	32500000	35.0
22000000	32500000	227.0
22500000	32500000	338.0
23000000	32500000	328.0
23500000	32500000	266.0
24000000	32500000	133.0
24500000	32500000	176.0
25000000	32500000	361.0
25500000	32500000	400.0
26000000	32500000	465.0
26500000	32500000	472.0
27000000	32500000	483.0
27500000	32500000	504.0
28000000	32500000	571.0
28500000	32500000	601.0
29000000	32500000	639.0
29500000	32500000	631.0
30000000	32500000	447.0
30500000	32500000	460.0
31000000	32500000	875.0
31500000	32500000	898.0
32000000	32500000	4188.0
32500000	32500000	21122.0
16000000	33000000	4.0
16500000	33000000	11.0
17000000	33000000	188.0
17500000	33000000	228.0
18000000	33000000	252.0
18500000	33000000	122.0
19000000	33000000	108.0
19500000	33000000	129.0
20000000	33000000	46.0
20500000	33000000	52.0
21000000	33000000	97.0
21500000	33000000	18.0
22000000	33000000	125.0
22500000	33000000	292.0
23000000	33000000	265.0
23500000	33000000	191.0
24000000	33000000	93.0
24500000	33000000	95.0
25000000	33000000	356.0
25500000	33000000	445.0
26000000	33000000	606.0
26500000	33000000	544.0
27000000	33000000	571.0
27500000	33000000	793.0
28000000	33000000	658.0
28500000	33000000	785.0
29000000	33000000	430.0
29500000	33000000	402.0
30000000	33000000	202.0
30500000	33000000	205.0
31000000	33000000	409.0
31500000	33000000	298.0
32000000	33000000	1065.0
32500000	33000000	3659.0
33000000	33000000	22267.0
16000000	33500000	4.0
16500000	33500000	39.0
17000000	33500000	202.0
17500000	33500000	146.0
18000000	33500000	117.0
18500000	33500000	58.0
19000000	33500000	53.0
19500000	33500000	77.0
20000000	33500000	15.0
20500000	33500000	20.0
21000000	33500000	55.0
21500000	33500000	5.0
22000000	33500000	58.0
22500000	33500000	216.0
23000000	33500000	146.0
23500000	33500000	93.0
24000000	33500000	34.0
24500000	33500000	28.0
25000000	33500000	232.0
25500000	33500000	285.0
26000000	33500000	694.0
26500000	33500000	424.0
27000000	33500000	506.0
27500000	33500000	851.0
28000000	33500000	494.0
28500000	33500000	622.0
29000000	33500000	182.0
29500000	33500000	141.0
30000000	33500000	80.0
30500000	33500000	70.0
31000000	33500000	204.0
31500000	33500000	110.0
32000000	33500000	281.0
32500000	33500000	734.0
33000000	33500000	2396.0
33500000	33500000	23585.0
16000000	34000000	4.0
16500000	34000000	27.0
17000000	34000000	203.0
17500000	34000000	104.0
18000000	34000000	102.0
18500000	34000000	58.0
19000000	34000000	40.0
19500000	34000000	50.0
20000000	34000000	26.0
20500000	34000000	15.0
21000000	34000000	35.0
21500000	34000000	8.0
22000000	34000000	47.0
22500000	34000000	165.0
23000000	34000000	98.0
23500000	34000000	67.0
24000000	34000000	33.0
24500000	34000000	34.0
25000000	34000000	176.0
25500000	34000000	234.0
26000000	34000000	492.0
26500000	34000000	319.0
27000000	34000000	350.0
27500000	34000000	617.0
28000000	34000000	352.0
28500000	34000000	399.0
29000000	34000000	157.0
29500000	34000000	95.0
30000000	34000000	53.0
30500000	34000000	63.0
31000000	34000000	113.0
31500000	34000000	77.0
32000000	34000000	173.0
32500000	34000000	366.0
33000000	34000000	893.0
33500000	34000000	3960.0
34000000	34000000	23228.0
16000000	34500000	9.0
16500000	34500000	44.0
17000000	34500000	132.0
17500000	34500000	76.0
18000000	34500000	60.0
18500000	34500000	37.0
19000000	34500000	34.0
19500000	34500000	45.0
20000000	34500000	12.0
20500000	34500000	13.0
21000000	34500000	36.0
21500000	34500000	6.0
22000000	34500000	33.0
22500000	34500000	131.0
23000000	34500000	77.0
23500000	34500000	56.0
24000000	34500000	22.0
24500000	34500000	14.0
25000000	34500000	154.0
25500000	34500000	186.0
26000000	34500000	533.0
26500000	34500000	296.0
27000000	34500000	349.0
27500000	34500000	618.0
28000000	34500000	338.0
28500000	34500000	385.0
29000000	34500000	104.0
29500000	34500000	82.0
30000000	34500000	44.0
30500000	34500000	41.0
31000000	34500000	103.0
31500000	34500000	54.0
32000000	34500000	127.0
32500000	34500000	318.0
33000000	34500000	716.0
33500000	34500000	2040.0
34000000	34500000	3955.0
34500000	34500000	22885.0
16000000	35000000	5.0
16500000	35000000	17.0
17000000	35000000	176.0
17500000	35000000	135.0
18000000	35000000	116.0
18500000	35000000	67.0
19000000	35000000	53.0
19500000	35000000	68.0
20000000	35000000	38.0
20500000	35000000	21.0
21000000	35000000	48.0
21500000	35000000	13.0
22000000	35000000	82.0
22500000	35000000	228.0
23000000	35000000	152.0
23500000	35000000	102.0
24000000	35000000	35.0
24500000	35000000	48.0
25000000	35000000	254.0
25500000	35000000	295.0
26000000	35000000	645.0
26500000	35000000	382.0
27000000	35000000	424.0
27500000	35000000	802.0
28000000	35000000	455.0
28500000	35000000	519.0
29000000	35000000	145.0
29500000	35000000	119.0
30000000	35000000	70.0
30500000	35000000	70.0
31000000	35000000	154.0
31500000	35000000	62.0
32000000	35000000	185.0
32500000	35000000	447.0
33000000	35000000	897.0
33500000	35000000	1744.0
34000000	35000000	1900.0
34500000	35000000	3373.0
35000000	35000000	21646.0
16000000	35500000	1.0
16500000	35500000	5.0
17000000	35500000	88.0
17500000	35500000	230.0
18000000	35500000	295.0
18500000	35500000	144.0
19000000	35500000	259.0
19500000	35500000	224.0
20000000	35500000	116.0
20500000	35500000	106.0
21000000	35500000	205.0
21500000	35500000	44.0
22000000	35500000	265.0
22500000	35500000	276.0
23000000	35500000	273.0
23500000	35500000	244.0
24000000	35500000	189.0
24500000	35500000	253.0
25000000	35500000	274.0
25500000	35500000	360.0
26000000	35500000	291.0
26500000	35500000	347.0
27000000	35500000	333.0
27500000	35500000	260.0
28000000	35500000	328.0
28500000	35500000	346.0
29000000	35500000	305.0
29500000	35500000	385.0
30000000	35500000	260.0
30500000	35500000	241.0
31000000	35500000	357.0
31500000	35500000	306.0
32000000	35500000	451.0
32500000	35500000	519.0
33000000	35500000	509.0
33500000	35500000	464.0
34000000	35500000	358.0
34500000	35500000	414.0
35000000	35500000	1554.0
35500000	35500000	23779.0
16500000	36000000	5.0
17000000	36000000	70.0
17500000	36000000	175.0
18000000	36000000	221.0
18500000	36000000	155.0
19000000	36000000	228.0
19500000	36000000	241.0
20000000	36000000	125.0
20500000	36000000	121.0
21000000	36000000	218.0
21500000	36000000	35.0
22000000	36000000	244.0
22500000	36000000	375.0
23000000	36000000	331.0
23500000	36000000	297.0
24000000	36000000	155.0
24500000	36000000	229.0
25000000	36000000	312.0
25500000	36000000	297.0
26000000	36000000	281.0
26500000	36000000	284.0
27000000	36000000	279.0
27500000	36000000	253.0
28000000	36000000	281.0
28500000	36000000	338.0
29000000	36000000	342.0
29500000	36000000	365.0
30000000	36000000	284.0
30500000	36000000	286.0
31000000	36000000	396.0
31500000	36000000	274.0
32000000	36000000	420.0
32500000	36000000	494.0
33000000	36000000	409.0
33500000	36000000	302.0
34000000	36000000	263.0
34500000	36000000	247.0
35000000	36000000	631.0
35500000	36000000	5080.0
36000000	36000000	24378.0
17000000	36500000	14.0
17500000	36500000	103.0
18000000	36500000	139.0
18500000	36500000	74.0
19000000	36500000	260.0
19500000	36500000	214.0
20000000	36500000	146.0
20500000	36500000	120.0
21000000	36500000	197.0
21500000	36500000	47.0
22000000	36500000	265.0
22500000	36500000	136.0
23000000	36500000	183.0
23500000	36500000	183.0
24000000	36500000	191.0
24500000	36500000	236.0
25000000	36500000	139.0
25500000	36500000	105.0
26000000	36500000	84.0
26500000	36500000	141.0
27000000	36500000	100.0
27500000	36500000	56.0
28000000	36500000	94.0
28500000	36500000	80.0
29000000	36500000	209.0
29500000	36500000	286.0
30000000	36500000	356.0
30500000	36500000	323.0
31000000	36500000	301.0
31500000	36500000	384.0
32000000	36500000	322.0
32500000	36500000	185.0
33000000	36500000	136.0
33500000	36500000	68.0
34000000	36500000	73.0
34500000	36500000	55.0
35000000	36500000	111.0
35500000	36500000	1765.0
36000000	36500000	3529.0
36500000	36500000	29746.0
16500000	37000000	1.0
17000000	37000000	27.0
17500000	37000000	105.0
18000000	37000000	145.0
18500000	37000000	95.0
19000000	37000000	222.0
19500000	37000000	258.0
20000000	37000000	128.0
20500000	37000000	111.0
21000000	37000000	220.0
21500000	37000000	43.0
22000000	37000000	249.0
22500000	37000000	203.0
23000000	37000000	230.0
23500000	37000000	200.0
24000000	37000000	199.0
24500000	37000000	207.0
25000000	37000000	175.0
25500000	37000000	143.0
26000000	37000000	96.0
26500000	37000000	121.0
27000000	37000000	128.0
27500000	37000000	113.0
28000000	37000000	106.0
28500000	37000000	132.0
29000000	37000000	188.0
29500000	37000000	273.0
30000000	37000000	324.0
30500000	37000000	288.0
31000000	37000000	304.0
31500000	37000000	259.0
32000000	37000000	285.0
32500000	37000000	201.0
33000000	37000000	141.0
33500000	37000000	80.0
34000000	37000000	89.0
34500000	37000000	87.0
35000000	37000000	144.0
35500000	37000000	810.0
36000000	37000000	1280.0
36500000	37000000	3266.0
37000000	37000000	27094.0
17000000	37500000	10.0
17500000	37500000	45.0
18000000	37500000	68.0
18500000	37500000	58.0
19000000	37500000	185.0
19500000	37500000	165.0
20000000	37500000	109.0
20500000	37500000	127.0
21000000	37500000	151.0
21500000	37500000	41.0
22000000	37500000	160.0
22500000	37500000	88.0
23000000	37500000	147.0
23500000	37500000	136.0
24000000	37500000	147.0
24500000	37500000	174.0
25000000	37500000	70.0
25500000	37500000	74.0
26000000	37500000	49.0
26500000	37500000	67.0
27000000	37500000	64.0
27500000	37500000	28.0
28000000	37500000	63.0
28500000	37500000	39.0
29000000	37500000	101.0
29500000	37500000	164.0
30000000	37500000	247.0
30500000	37500000	240.0
31000000	37500000	171.0
31500000	37500000	186.0
32000000	37500000	166.0
32500000	37500000	79.0
33000000	37500000	53.0
33500000	37500000	23.0
34000000	37500000	24.0
34500000	37500000	22.0
35000000	37500000	37.0
35500000	37500000	344.0
36000000	37500000	496.0
36500000	37500000	1524.0
37000000	37500000	6623.0
37500000	37500000	29804.0
16500000	38000000	1.0
17000000	38000000	8.0
17500000	38000000	42.0
18000000	38000000	64.0
18500000	38000000	57.0
19000000	38000000	170.0
19500000	38000000	164.0
20000000	38000000	124.0
20500000	38000000	122.0
21000000	38000000	174.0
21500000	38000000	50.0
22000000	38000000	196.0
22500000	38000000	88.0
23000000	38000000	131.0
23500000	38000000	117.0
24000000	38000000	146.0
24500000	38000000	181.0
25000000	38000000	68.0
25500000	38000000	61.0
26000000	38000000	33.0
26500000	38000000	79.0
27000000	38000000	51.0
27500000	38000000	29.0
28000000	38000000	44.0
28500000	38000000	38.0
29000000	38000000	115.0
29500000	38000000	200.0
30000000	38000000	241.0
30500000	38000000	213.0
31000000	38000000	187.0
31500000	38000000	226.0
32000000	38000000	176.0
32500000	38000000	68.0
33000000	38000000	39.0
33500000	38000000	30.0
34000000	38000000	23.0
34500000	38000000	23.0
35000000	38000000	46.0
35500000	38000000	278.0
36000000	38000000	369.0
36500000	38000000	882.0
37000000	38000000	1667.0
37500000	38000000	4518.0
38000000	38000000	26448.0
17000000	38500000	10.0
17500000	38500000	39.0
18000000	38500000	73.0
18500000	38500000	34.0
19000000	38500000	128.0
19500000	38500000	167.0
20000000	38500000	97.0
20500000	38500000	87.0
21000000	38500000	168.0
21500000	38500000	43.0
22000000	38500000	154.0
22500000	38500000	96.0
23000000	38500000	96.0
23500000	38500000	94.0
24000000	38500000	114.0
24500000	38500000	129.0
25000000	38500000	68.0
25500000	38500000	81.0
26000000	38500000	42.0
26500000	38500000	37.0
27000000	38500000	37.0
27500000	38500000	28.0
28000000	38500000	40.0
28500000	38500000	35.0
29000000	38500000	74.0
29500000	38500000	160.0
30000000	38500000	249.0
30500000	38500000	189.0
31000000	38500000	179.0
31500000	38500000	160.0
32000000	38500000	123.0
32500000	38500000	73.0
33000000	38500000	45.0
33500000	38500000	15.0
34000000	38500000	22.0
34500000	38500000	20.0
35000000	38500000	29.0
35500000	38500000	227.0
36000000	38500000	287.0
36500000	38500000	593.0
37000000	38500000	868.0
37500000	38500000	1163.0
38000000	38500000	5305.0
38500000	38500000	25409.0
16500000	39000000	1.0
17000000	39000000	6.0
17500000	39000000	32.0
18000000	39000000	46.0
18500000	39000000	26.0
19000000	39000000	126.0
19500000	39000000	136.0
20000000	39000000	91.0
20500000	39000000	104.0
21000000	39000000	152.0
21500000	39000000	37.0
22000000	39000000	151.0
22500000	39000000	69.0
23000000	39000000	90.0
23500000	39000000	107.0
24000000	39000000	102.0
24500000	39000000	122.0
25000000	39000000	48.0
25500000	39000000	39.0
26000000	39000000	19.0
26500000	39000000	38.0
27000000	39000000	36.0
27500000	39000000	25.0
28000000	39000000	26.0
28500000	39000000	38.0
29000000	39000000	77.0
29500000	39000000	146.0
30000000	39000000	176.0
30500000	39000000	182.0
31000000	39000000	157.0
31500000	39000000	146.0
32000000	39000000	114.0
32500000	39000000	52.0
33000000	39000000	32.0
33500000	39000000	19.0
34000000	39000000	18.0
34500000	39000000	12.0
35000000	39000000	31.0
35500000	39000000	139.0
36000000	39000000	202.0
36500000	39000000	478.0
37000000	39000000	673.0
37500000	39000000	886.0
38000000	39000000	2144.0
38500000	39000000	4049.0
39000000	39000000	25991.0
17000000	39500000	5.0
17500000	39500000	40.0
18000000	39500000	35.0
18500000	39500000	25.0
19000000	39500000	133.0
19500000	39500000	127.0
20000000	39500000	95.0
20500000	39500000	86.0
21000000	39500000	127.0
21500000	39500000	34.0
22000000	39500000	140.0
22500000	39500000	71.0
23000000	39500000	116.0
23500000	39500000	88.0
24000000	39500000	108.0
24500000	39500000	121.0
25000000	39500000	60.0
25500000	39500000	52.0
26000000	39500000	41.0
26500000	39500000	54.0
27000000	39500000	52.0
27500000	39500000	34.0
28000000	39500000	60.0
28500000	39500000	42.0
29000000	39500000	83.0
29500000	39500000	152.0
30000000	39500000	167.0
30500000	39500000	160.0
31000000	39500000	152.0
31500000	39500000	133.0
32000000	39500000	100.0
32500000	39500000	66.0
33000000	39500000	41.0
33500000	39500000	23.0
34000000	39500000	32.0
34500000	39500000	25.0
35000000	39500000	39.0
35500000	39500000	176.0
36000000	39500000	234.0
36500000	39500000	407.0
37000000	39500000	503.0
37500000	39500000	591.0
38000000	39500000	1015.0
38500000	39500000	1451.0
39000000	39500000	6989.0
39500000	39500000	25925.0
16500000	40000000	2.0
17000000	40000000	18.0
17500000	40000000	40.0
18000000	40000000	53.0
18500000	40000000	48.0
19000000	40000000	93.0
19500000	40000000	144.0
20000000	40000000	86.0
20500000	40000000	85.0
21000000	40000000	115.0
21500000	40000000	28.0
22000000	40000000	140.0
22500000	40000000	137.0
23000000	40000000	142.0
23500000	40000000	128.0
24000000	40000000	101.0
24500000	40000000	106.0
25000000	40000000	99.0
25500000	40000000	79.0
26000000	40000000	82.0
26500000	40000000	91.0
27000000	40000000	73.0
27500000	40000000	76.0
28000000	40000000	93.0
28500000	40000000	98.0
29000000	40000000	120.0
29500000	40000000	134.0
30000000	40000000	143.0
30500000	40000000	153.0
31000000	40000000	225.0
31500000	40000000	141.0
32000000	40000000	113.0
32500000	40000000	140.0
33000000	40000000	116.0
33500000	40000000	75.0
34000000	40000000	52.0
34500000	40000000	45.0
35000000	40000000	83.0
35500000	40000000	221.0
36000000	40000000	349.0
36500000	40000000	361.0
37000000	40000000	497.0
37500000	40000000	411.0
38000000	40000000	641.0
38500000	40000000	817.0
39000000	40000000	1642.0
39500000	40000000	6423.0
40000000	40000000	28908.0
17000000	40500000	11.0
17500000	40500000	38.0
18000000	40500000	63.0
18500000	40500000	32.0
19000000	40500000	122.0
19500000	40500000	121.0
20000000	40500000	70.0
20500000	40500000	96.0
21000000	40500000	143.0
21500000	40500000	42.0
22000000	40500000	130.0
22500000	40500000	70.0
23000000	40500000	77.0
23500000	40500000	102.0
24000000	40500000	113.0
24500000	40500000	139.0
25000000	40500000	47.0
25500000	40500000	56.0
26000000	40500000	42.0
26500000	40500000	73.0
27000000	40500000	54.0
27500000	40500000	22.0
28000000	40500000	41.0
28500000	40500000	56.0
29000000	40500000	82.0
29500000	40500000	125.0
30000000	40500000	218.0
30500000	40500000	174.0
31000000	40500000	167.0
31500000	40500000	162.0
32000000	40500000	135.0
32500000	40500000	63.0
33000000	40500000	31.0
33500000	40500000	22.0
34000000	40500000	18.0
34500000	40500000	18.0
35000000	40500000	36.0
35500000	40500000	162.0
36000000	40500000	256.0
36500000	40500000	399.0
37000000	40500000	375.0
37500000	40500000	380.0
38000000	40500000	650.0
38500000	40500000	782.0
39000000	40500000	1344.0
39500000	40500000	3154.0
40000000	40500000	7372.0
40500000	40500000	31425.0
16500000	41000000	1.0
17000000	41000000	6.0
17500000	41000000	35.0
18000000	41000000	80.0
18500000	41000000	34.0
19000000	41000000	154.0
19500000	41000000	153.0
20000000	41000000	111.0
20500000	41000000	112.0
21000000	41000000	165.0
21500000	41000000	31.0
22000000	41000000	146.0
22500000	41000000	78.0
23000000	41000000	94.0
23500000	41000000	112.0
24000000	41000000	117.0
24500000	41000000	122.0
25000000	41000000	76.0
25500000	41000000	65.0
26000000	41000000	48.0
26500000	41000000	65.0
27000000	41000000	61.0
27500000	41000000	34.0
28000000	41000000	60.0
28500000	41000000	54.0
29000000	41000000	131.0
29500000	41000000	202.0
30000000	41000000	213.0
30500000	41000000	147.0
31000000	41000000	220.0
31500000	41000000	239.0
32000000	41000000	186.0
32500000	41000000	73.0
33000000	41000000	61.0
33500000	41000000	20.0
34000000	41000000	30.0
34500000	41000000	22.0
35000000	41000000	36.0
35500000	41000000	180.0
36000000	41000000	236.0
36500000	41000000	347.0
37000000	41000000	343.0
37500000	41000000	389.0
38000000	41000000	739.0
38500000	41000000	783.0
39000000	41000000	1001.0
39500000	41000000	1593.0
40000000	41000000	2178.0
40500000	41000000	6736.0
41000000	41000000	26190.0
16500000	41500000	1.0
17000000	41500000	10.0
17500000	41500000	45.0
18000000	41500000	60.0
18500000	41500000	47.0
19000000	41500000	175.0
19500000	41500000	143.0
20000000	41500000	118.0
20500000	41500000	135.0
21000000	41500000	198.0
21500000	41500000	39.0
22000000	41500000	174.0
22500000	41500000	56.0
23000000	41500000	81.0
23500000	41500000	105.0
24000000	41500000	125.0
24500000	41500000	123.0
25000000	41500000	57.0
25500000	41500000	47.0
26000000	41500000	39.0
26500000	41500000	77.0
27000000	41500000	51.0
27500000	41500000	21.0
28000000	41500000	49.0
28500000	41500000	57.0
29000000	41500000	124.0
29500000	41500000	200.0
30000000	41500000	232.0
30500000	41500000	175.0
31000000	41500000	188.0
31500000	41500000	256.0
32000000	41500000	220.0
32500000	41500000	73.0
33000000	41500000	34.0
33500000	41500000	17.0
34000000	41500000	18.0
34500000	41500000	14.0
35000000	41500000	33.0
35500000	41500000	194.0
36000000	41500000	162.0
36500000	41500000	399.0
37000000	41500000	351.0
37500000	41500000	346.0
38000000	41500000	729.0
38500000	41500000	688.0
39000000	41500000	891.0
39500000	41500000	887.0
40000000	41500000	873.0
40500000	41500000	1715.0
41000000	41500000	6996.0
41500000	41500000	26819.0
17000000	42000000	11.0
17500000	42000000	45.0
18000000	42000000	90.0
18500000	42000000	63.0
19000000	42000000	198.0
19500000	42000000	189.0
20000000	42000000	127.0
20500000	42000000	129.0
21000000	42000000	199.0
21500000	42000000	50.0
22000000	42000000	201.0
22500000	42000000	108.0
23000000	42000000	134.0
23500000	42000000	123.0
24000000	42000000	134.0
24500000	42000000	164.0
25000000	42000000	76.0
25500000	42000000	70.0
26000000	42000000	46.0
26500000	42000000	69.0
27000000	42000000	79.0
27500000	42000000	39.0
28000000	42000000	71.0
28500000	42000000	56.0
29000000	42000000	135.0
29500000	42000000	205.0
30000000	42000000	235.0
30500000	42000000	199.0
31000000	42000000	210.0
31500000	42000000	268.0
32000000	42000000	169.0
32500000	42000000	103.0
33000000	42000000	70.0
33500000	42000000	24.0
34000000	42000000	30.0
34500000	42000000	30.0
35000000	42000000	43.0
35500000	42000000	237.0
36000000	42000000	274.0
36500000	42000000	396.0
37000000	42000000	408.0
37500000	42000000	404.0
38000000	42000000	610.0
38500000	42000000	537.0
39000000	42000000	635.0
39500000	42000000	582.0
40000000	42000000	585.0
40500000	42000000	811.0
41000000	42000000	1501.0
41500000	42000000	3933.0
42000000	42000000	27035.0
17000000	42500000	13.0
17500000	42500000	53.0
18000000	42500000	79.0
18500000	42500000	65.0
19000000	42500000	202.0
19500000	42500000	188.0
20000000	42500000	123.0
20500000	42500000	90.0
21000000	42500000	175.0
21500000	42500000	44.0
22000000	42500000	210.0
22500000	42500000	131.0
23000000	42500000	148.0
23500000	42500000	147.0
24000000	42500000	131.0
24500000	42500000	192.0
25000000	42500000	64.0
25500000	42500000	91.0
26000000	42500000	63.0
26500000	42500000	75.0
27000000	42500000	76.0
27500000	42500000	35.0
28000000	42500000	70.0
28500000	42500000	51.0
29000000	42500000	130.0
29500000	42500000	199.0
30000000	42500000	216.0
30500000	42500000	226.0
31000000	42500000	225.0
31500000	42500000	222.0
32000000	42500000	189.0
32500000	42500000	84.0
33000000	42500000	46.0
33500000	42500000	34.0
34000000	42500000	27.0
34500000	42500000	23.0
35000000	42500000	43.0
35500000	42500000	265.0
36000000	42500000	307.0
36500000	42500000	353.0
37000000	42500000	408.0
37500000	42500000	444.0
38000000	42500000	513.0
38500000	42500000	490.0
39000000	42500000	487.0
39500000	42500000	463.0
40000000	42500000	454.0
40500000	42500000	489.0
41000000	42500000	741.0
41500000	42500000	1261.0
42000000	42500000	5889.0
42500000	42500000	24641.0
17000000	43000000	16.0
17500000	43000000	86.0
18000000	43000000	169.0
18500000	43000000	95.0
19000000	43000000	264.0
19500000	43000000	232.0
20000000	43000000	131.0
20500000	43000000	133.0
21000000	43000000	215.0
21500000	43000000	64.0
22000000	43000000	284.0
22500000	43000000	190.0
23000000	43000000	190.0
23500000	43000000	205.0
24000000	43000000	215.0
24500000	43000000	252.0
25000000	43000000	151.0
25500000	43000000	146.0
26000000	43000000	100.0
26500000	43000000	156.0
27000000	43000000	125.0
27500000	43000000	80.0
28000000	43000000	114.0
28500000	43000000	111.0
29000000	43000000	209.0
29500000	43000000	299.0
30000000	43000000	360.0
30500000	43000000	323.0
31000000	43000000	273.0
31500000	43000000	326.0
32000000	43000000	271.0
32500000	43000000	184.0
33000000	43000000	144.0
33500000	43000000	50.0
34000000	43000000	62.0
34500000	43000000	46.0
35000000	43000000	84.0
35500000	43000000	357.0
36000000	43000000	436.0
36500000	43000000	481.0
37000000	43000000	527.0
37500000	43000000	435.0
38000000	43000000	458.0
38500000	43000000	418.0
39000000	43000000	362.0
39500000	43000000	355.0
40000000	43000000	345.0
40500000	43000000	394.0
41000000	43000000	537.0
41500000	43000000	698.0
42000000	43000000	1529.0
42500000	43000000	2738.0
43000000	43000000	26339.0
16000000	43500000	1.0
16500000	43500000	5.0
17000000	43500000	72.0
17500000	43500000	142.0
18000000	43500000	184.0
18500000	43500000	129.0
19000000	43500000	213.0
19500000	43500000	233.0
20000000	43500000	97.0
20500000	43500000	101.0
21000000	43500000	184.0
21500000	43500000	50.0
22000000	43500000	280.0
22500000	43500000	345.0
23000000	43500000	307.0
23500000	43500000	279.0
24000000	43500000	137.0
24500000	43500000	182.0
25000000	43500000	342.0
25500000	43500000	300.0
26000000	43500000	302.0
26500000	43500000	327.0
27000000	43500000	292.0
27500000	43500000	356.0
28000000	43500000	295.0
28500000	43500000	329.0
29000000	43500000	258.0
29500000	43500000	308.0
30000000	43500000	217.0
30500000	43500000	205.0
31000000	43500000	284.0
31500000	43500000	208.0
32000000	43500000	260.0
32500000	43500000	364.0
33000000	43500000	359.0
33500000	43500000	288.0
34000000	43500000	219.0
34500000	43500000	216.0
35000000	43500000	357.0
35500000	43500000	514.0
36000000	43500000	533.0
36500000	43500000	312.0
37000000	43500000	471.0
37500000	43500000	238.0
38000000	43500000	257.0
38500000	43500000	207.0
39000000	43500000	183.0
39500000	43500000	207.0
40000000	43500000	291.0
40500000	43500000	200.0
41000000	43500000	250.0
41500000	43500000	297.0
42000000	43500000	520.0
42500000	43500000	708.0
43000000	43500000	3488.0
43500000	43500000	20907.0
16500000	44000000	6.0
17000000	44000000	95.0
17500000	44000000	167.0
18000000	44000000	226.0
18500000	44000000	134.0
19000000	44000000	184.0
19500000	44000000	169.0
20000000	44000000	88.0
20500000	44000000	80.0
21000000	44000000	155.0
21500000	44000000	34.0
22000000	44000000	220.0
22500000	44000000	379.0
23000000	44000000	286.0
23500000	44000000	266.0
24000000	44000000	142.0
24500000	44000000	178.0
25000000	44000000	363.0
25500000	44000000	404.0
26000000	44000000	467.0
26500000	44000000	327.0
27000000	44000000	383.0
27500000	44000000	428.0
28000000	44000000	361.0
28500000	44000000	386.0
29000000	44000000	283.0
29500000	44000000	290.0
30000000	44000000	188.0
30500000	44000000	174.0
31000000	44000000	285.0
31500000	44000000	149.0
32000000	44000000	249.0
32500000	44000000	402.0
33000000	44000000	441.0
33500000	44000000	354.0
34000000	44000000	320.0
34500000	44000000	289.0
35000000	44000000	487.0
35500000	44000000	474.0
36000000	44000000	521.0
36500000	44000000	207.0
37000000	44000000	376.0
37500000	44000000	144.0
38000000	44000000	152.0
38500000	44000000	144.0
39000000	44000000	118.0
39500000	44000000	126.0
40000000	44000000	252.0
40500000	44000000	103.0
41000000	44000000	153.0
41500000	44000000	123.0
42000000	44000000	252.0
42500000	44000000	293.0
43000000	44000000	589.0
43500000	44000000	2946.0
44000000	44000000	22703.0
16000000	44500000	2.0
16500000	44500000	4.0
17000000	44500000	80.0
17500000	44500000	173.0
18000000	44500000	212.0
18500000	44500000	132.0
19000000	44500000	174.0
19500000	44500000	193.0
20000000	44500000	85.0
20500000	44500000	96.0
21000000	44500000	175.0
21500000	44500000	33.0
22000000	44500000	214.0
22500000	44500000	331.0
23000000	44500000	277.0
23500000	44500000	225.0
24000000	44500000	122.0
24500000	44500000	178.0
25000000	44500000	350.0
25500000	44500000	341.0
26000000	44500000	348.0
26500000	44500000	287.0
27000000	44500000	288.0
27500000	44500000	325.0
28000000	44500000	316.0
28500000	44500000	310.0
29000000	44500000	275.0
29500000	44500000	246.0
30000000	44500000	169.0
30500000	44500000	154.0
31000000	44500000	247.0
31500000	44500000	159.0
32000000	44500000	262.0
32500000	44500000	316.0
33000000	44500000	323.0
33500000	44500000	216.0
34000000	44500000	191.0
34500000	44500000	174.0
35000000	44500000	345.0
35500000	44500000	399.0
36000000	44500000	438.0
36500000	44500000	234.0
37000000	44500000	354.0
37500000	44500000	166.0
38000000	44500000	146.0
38500000	44500000	116.0
39000000	44500000	107.0
39500000	44500000	144.0
40000000	44500000	208.0
40500000	44500000	107.0
41000000	44500000	132.0
41500000	44500000	151.0
42000000	44500000	232.0
42500000	44500000	270.0
43000000	44500000	522.0
43500000	44500000	1470.0
44000000	44500000	5255.0
44500000	44500000	23057.0
16000000	45000000	1.0
16500000	45000000	6.0
17000000	45000000	78.0
17500000	45000000	162.0
18000000	45000000	201.0
18500000	45000000	125.0
19000000	45000000	165.0
19500000	45000000	189.0
20000000	45000000	86.0
20500000	45000000	76.0
21000000	45000000	165.0
21500000	45000000	28.0
22000000	45000000	212.0
22500000	45000000	369.0
23000000	45000000	305.0
23500000	45000000	252.0
24000000	45000000	114.0
24500000	45000000	157.0
25000000	45000000	337.0
25500000	45000000	338.0
26000000	45000000	388.0
26500000	45000000	365.0
27000000	45000000	376.0
27500000	45000000	411.0
28000000	45000000	358.0
28500000	45000000	339.0
29000000	45000000	273.0
29500000	45000000	247.0
30000000	45000000	171.0
30500000	45000000	154.0
31000000	45000000	272.0
31500000	45000000	140.0
32000000	45000000	220.0
32500000	45000000	379.0
33000000	45000000	386.0
33500000	45000000	275.0
34000000	45000000	257.0
34500000	45000000	238.0
35000000	45000000	403.0
35500000	45000000	414.0
36000000	45000000	454.0
36500000	45000000	192.0
37000000	45000000	292.0
37500000	45000000	138.0
38000000	45000000	119.0
38500000	45000000	92.0
39000000	45000000	76.0
39500000	45000000	104.0
40000000	45000000	204.0
40500000	45000000	110.0
41000000	45000000	121.0
41500000	45000000	126.0
42000000	45000000	182.0
42500000	45000000	212.0
43000000	45000000	429.0
43500000	45000000	1415.0
44000000	45000000	3153.0
44500000	45000000	3821.0
45000000	45000000	20591.0
16500000	45500000	2.0
17000000	45500000	42.0
17500000	45500000	196.0
18000000	45500000	210.0
18500000	45500000	143.0
19000000	45500000	249.0
19500000	45500000	228.0
20000000	45500000	123.0
20500000	45500000	100.0
21000000	45500000	206.0
21500000	45500000	47.0
22000000	45500000	271.0
22500000	45500000	273.0
23000000	45500000	299.0
23500000	45500000	246.0
24000000	45500000	168.0
24500000	45500000	260.0
25000000	45500000	247.0
25500000	45500000	304.0
26000000	45500000	247.0
26500000	45500000	277.0
27000000	45500000	273.0
27500000	45500000	195.0
28000000	45500000	229.0
28500000	45500000	229.0
29000000	45500000	294.0
29500000	45500000	331.0
30000000	45500000	234.0
30500000	45500000	200.0
31000000	45500000	256.0
31500000	45500000	222.0
32000000	45500000	276.0
32500000	45500000	300.0
33000000	45500000	260.0
33500000	45500000	134.0
34000000	45500000	116.0
34500000	45500000	98.0
35000000	45500000	146.0
35500000	45500000	385.0
36000000	45500000	374.0
36500000	45500000	284.0
37000000	45500000	304.0
37500000	45500000	156.0
38000000	45500000	150.0
38500000	45500000	141.0
39000000	45500000	144.0
39500000	45500000	135.0
40000000	45500000	177.0
40500000	45500000	139.0
41000000	45500000	178.0
41500000	45500000	156.0
42000000	45500000	222.0
42500000	45500000	242.0
43000000	45500000	480.0
43500000	45500000	689.0
44000000	45500000	985.0
44500000	45500000	1041.0
45000000	45500000	3317.0
45500000	45500000	25945.0
16500000	46000000	3.0
17000000	46000000	61.0
17500000	46000000	177.0
18000000	46000000	218.0
18500000	46000000	105.0
19000000	46000000	203.0
19500000	46000000	201.0
20000000	46000000	122.0
20500000	46000000	106.0
21000000	46000000	217.0
21500000	46000000	38.0
22000000	46000000	234.0
22500000	46000000	322.0
23000000	46000000	289.0
23500000	46000000	258.0
24000000	46000000	172.0
24500000	46000000	188.0
25000000	46000000	290.0
25500000	46000000	313.0
26000000	46000000	286.0
26500000	46000000	282.0
27000000	46000000	300.0
27500000	46000000	249.0
28000000	46000000	272.0
28500000	46000000	273.0
29000000	46000000	295.0
29500000	46000000	265.0
30000000	46000000	201.0
30500000	46000000	170.0
31000000	46000000	265.0
31500000	46000000	165.0
32000000	46000000	277.0
32500000	46000000	296.0
33000000	46000000	291.0
33500000	46000000	164.0
34000000	46000000	129.0
34500000	46000000	121.0
35000000	46000000	188.0
35500000	46000000	410.0
36000000	46000000	392.0
36500000	46000000	233.0
37000000	46000000	292.0
37500000	46000000	146.0
38000000	46000000	126.0
38500000	46000000	130.0
39000000	46000000	129.0
39500000	46000000	139.0
40000000	46000000	177.0
40500000	46000000	147.0
41000000	46000000	160.0
41500000	46000000	146.0
42000000	46000000	195.0
42500000	46000000	229.0
43000000	46000000	394.0
43500000	46000000	693.0
44000000	46000000	888.0
44500000	46000000	842.0
45000000	46000000	1610.0
45500000	46000000	4287.0
46000000	46000000	23463.0
16500000	46500000	4.0
17000000	46500000	42.0
17500000	46500000	162.0
18000000	46500000	229.0
18500000	46500000	109.0
19000000	46500000	212.0
19500000	46500000	192.0
20000000	46500000	102.0
20500000	46500000	127.0
21000000	46500000	204.0
21500000	46500000	42.0
22000000	46500000	257.0
22500000	46500000	229.0
23000000	46500000	273.0
23500000	46500000	272.0
24000000	46500000	185.0
24500000	46500000	275.0
25000000	46500000	219.0
25500000	46500000	239.0
26000000	46500000	171.0
26500000	46500000	237.0
27000000	46500000	210.0
27500000	46500000	128.0
28000000	46500000	203.0
28500000	46500000	174.0
29000000	46500000	264.0
29500000	46500000	286.0
30000000	46500000	225.0
30500000	46500000	210.0
31000000	46500000	229.0
31500000	46500000	237.0
32000000	46500000	274.0
32500000	46500000	243.0
33000000	46500000	225.0
33500000	46500000	104.0
34000000	46500000	79.0
34500000	46500000	64.0
35000000	46500000	128.0
35500000	46500000	346.0
36000000	46500000	350.0
36500000	46500000	282.0
37000000	46500000	300.0
37500000	46500000	177.0
38000000	46500000	200.0
38500000	46500000	159.0
39000000	46500000	147.0
39500000	46500000	152.0
40000000	46500000	152.0
40500000	46500000	157.0
41000000	46500000	167.0
41500000	46500000	154.0
42000000	46500000	207.0
42500000	46500000	245.0
43000000	46500000	425.0
43500000	46500000	568.0
44000000	46500000	537.0
44500000	46500000	648.0
45000000	46500000	914.0
45500000	46500000	1963.0
46000000	46500000	5533.0
46500000	46500000	24206.0
16000000	47000000	2.0
16500000	47000000	3.0
17000000	47000000	65.0
17500000	47000000	192.0
18000000	47000000	230.0
18500000	47000000	107.0
19000000	47000000	193.0
19500000	47000000	224.0
20000000	47000000	102.0
20500000	47000000	106.0
21000000	47000000	154.0
21500000	47000000	57.0
22000000	47000000	248.0
22500000	47000000	234.0
23000000	47000000	254.0
23500000	47000000	233.0
24000000	47000000	190.0
24500000	47000000	261.0
25000000	47000000	277.0
25500000	47000000	303.0
26000000	47000000	239.0
26500000	47000000	274.0
27000000	47000000	260.0
27500000	47000000	214.0
28000000	47000000	248.0
28500000	47000000	203.0
29000000	47000000	254.0
29500000	47000000	286.0
30000000	47000000	224.0
30500000	47000000	226.0
31000000	47000000	242.0
31500000	47000000	242.0
32000000	47000000	304.0
32500000	47000000	271.0
33000000	47000000	242.0
33500000	47000000	125.0
34000000	47000000	105.0
34500000	47000000	95.0
35000000	47000000	178.0
35500000	47000000	366.0
36000000	47000000	334.0
36500000	47000000	267.0
37000000	47000000	260.0
37500000	47000000	184.0
38000000	47000000	180.0
38500000	47000000	132.0
39000000	47000000	124.0
39500000	47000000	110.0
40000000	47000000	149.0
40500000	47000000	125.0
41000000	47000000	127.0
41500000	47000000	125.0
42000000	47000000	208.0
42500000	47000000	181.0
43000000	47000000	358.0
43500000	47000000	486.0
44000000	47000000	595.0
44500000	47000000	592.0
45000000	47000000	779.0
45500000	47000000	1283.0
46000000	47000000	1928.0
46500000	47000000	4962.0
47000000	47000000	22992.0
16500000	47500000	11.0
17000000	47500000	132.0
17500000	47500000	146.0
18000000	47500000	168.0
18500000	47500000	95.0
19000000	47500000	110.0
19500000	47500000	115.0
20000000	47500000	52.0
20500000	47500000	45.0
21000000	47500000	98.0
21500000	47500000	17.0
22000000	47500000	149.0
22500000	47500000	311.0
23000000	47500000	215.0
23500000	47500000	180.0
24000000	47500000	83.0
24500000	47500000	88.0
25000000	47500000	335.0
25500000	47500000	369.0
26000000	47500000	633.0
26500000	47500000	395.0
27000000	47500000	443.0
27500000	47500000	598.0
28000000	47500000	458.0
28500000	47500000	449.0
29000000	47500000	214.0
29500000	47500000	187.0
30000000	47500000	93.0
30500000	47500000	96.0
31000000	47500000	182.0
31500000	47500000	77.0
32000000	47500000	163.0
32500000	47500000	339.0
33000000	47500000	527.0
33500000	47500000	647.0
34000000	47500000	555.0
34500000	47500000	529.0
35000000	47500000	681.0
35500000	47500000	343.0
36000000	47500000	337.0
36500000	47500000	72.0
37000000	47500000	174.0
37500000	47500000	51.0
38000000	47500000	47.0
38500000	47500000	48.0
39000000	47500000	30.0
39500000	47500000	48.0
40000000	47500000	90.0
40500000	47500000	49.0
41000000	47500000	46.0
41500000	47500000	48.0
42000000	47500000	78.0
42500000	47500000	64.0
43000000	47500000	156.0
43500000	47500000	557.0
44000000	47500000	785.0
44500000	47500000	629.0
45000000	47500000	963.0
45500000	47500000	619.0
46000000	47500000	882.0
46500000	47500000	918.0
47000000	47500000	2440.0
47500000	47500000	19784.0
16000000	48000000	1.0
16500000	48000000	11.0
17000000	48000000	132.0
17500000	48000000	116.0
18000000	48000000	121.0
18500000	48000000	59.0
19000000	48000000	63.0
19500000	48000000	84.0
20000000	48000000	34.0
20500000	48000000	21.0
21000000	48000000	52.0
21500000	48000000	6.0
22000000	48000000	85.0
22500000	48000000	270.0
23000000	48000000	157.0
23500000	48000000	109.0
24000000	48000000	48.0
24500000	48000000	69.0
25000000	48000000	260.0
25500000	48000000	293.0
26000000	48000000	647.0
26500000	48000000	345.0
27000000	48000000	460.0
27500000	48000000	665.0
28000000	48000000	391.0
28500000	48000000	392.0
29000000	48000000	154.0
29500000	48000000	97.0
30000000	48000000	70.0
30500000	48000000	66.0
31000000	48000000	125.0
31500000	48000000	53.0
32000000	48000000	120.0
32500000	48000000	291.0
33000000	48000000	505.0
33500000	48000000	811.0
34000000	48000000	704.0
34500000	48000000	791.0
35000000	48000000	779.0
35500000	48000000	269.0
36000000	48000000	238.0
36500000	48000000	69.0
37000000	48000000	108.0
37500000	48000000	27.0
38000000	48000000	23.0
38500000	48000000	37.0
39000000	48000000	20.0
39500000	48000000	37.0
40000000	48000000	71.0
40500000	48000000	29.0
41000000	48000000	39.0
41500000	48000000	19.0
42000000	48000000	39.0
42500000	48000000	47.0
43000000	48000000	88.0
43500000	48000000	429.0
44000000	48000000	625.0
44500000	48000000	434.0
45000000	48000000	646.0
45500000	48000000	353.0
46000000	48000000	431.0
46500000	48000000	330.0
47000000	48000000	610.0
47500000	48000000	3240.0
48000000	48000000	22811.0
16000000	48500000	4.0
16500000	48500000	18.0
17000000	48500000	121.0
17500000	48500000	125.0
18000000	48500000	131.0
18500000	48500000	75.0
19000000	48500000	67.0
19500000	48500000	89.0
20000000	48500000	31.0
20500000	48500000	22.0
21000000	48500000	63.0
21500000	48500000	8.0
22000000	48500000	86.0
22500000	48500000	246.0
23000000	48500000	201.0
23500000	48500000	113.0
24000000	48500000	55.0
24500000	48500000	70.0
25000000	48500000	276.0
25500000	48500000	352.0
26000000	48500000	588.0
26500000	48500000	313.0
27000000	48500000	383.0
27500000	48500000	618.0
28000000	48500000	422.0
28500000	48500000	375.0
29000000	48500000	179.0
29500000	48500000	119.0
30000000	48500000	74.0
30500000	48500000	62.0
31000000	48500000	131.0
31500000	48500000	43.0
32000000	48500000	131.0
32500000	48500000	296.0
33000000	48500000	524.0
33500000	48500000	630.0
34000000	48500000	574.0
34500000	48500000	503.0
35000000	48500000	677.0
35500000	48500000	284.0
36000000	48500000	234.0
36500000	48500000	57.0
37000000	48500000	110.0
37500000	48500000	37.0
38000000	48500000	28.0
38500000	48500000	21.0
39000000	48500000	19.0
39500000	48500000	37.0
40000000	48500000	84.0
40500000	48500000	27.0
41000000	48500000	33.0
41500000	48500000	42.0
42000000	48500000	45.0
42500000	48500000	56.0
43000000	48500000	97.0
43500000	48500000	461.0
44000000	48500000	578.0
44500000	48500000	448.0
45000000	48500000	598.0
45500000	48500000	306.0
46000000	48500000	424.0
46500000	48500000	316.0
47000000	48500000	479.0
47500000	48500000	1816.0
48000000	48500000	4362.0
48500000	48500000	20383.0
16500000	49000000	12.0
17000000	49000000	110.0
17500000	49000000	124.0
18000000	49000000	137.0
18500000	49000000	80.0
19000000	49000000	65.0
19500000	49000000	95.0
20000000	49000000	39.0
20500000	49000000	38.0
21000000	49000000	65.0
21500000	49000000	7.0
22000000	49000000	93.0
22500000	49000000	280.0
23000000	49000000	176.0
23500000	49000000	129.0
24000000	49000000	53.0
24500000	49000000	61.0
25000000	49000000	292.0
25500000	49000000	298.0
26000000	49000000	512.0
26500000	49000000	321.0
27000000	49000000	383.0
27500000	49000000	545.0
28000000	49000000	354.0
28500000	49000000	382.0
29000000	49000000	153.0
29500000	49000000	138.0
30000000	49000000	68.0
30500000	49000000	77.0
31000000	49000000	123.0
31500000	49000000	45.0
32000000	49000000	133.0
32500000	49000000	289.0
33000000	49000000	560.0
33500000	49000000	564.0
34000000	49000000	434.0
34500000	49000000	448.0
35000000	49000000	572.0
35500000	49000000	250.0
36000000	49000000	265.0
36500000	49000000	56.0
37000000	49000000	127.0
37500000	49000000	33.0
38000000	49000000	39.0
38500000	49000000	21.0
39000000	49000000	22.0
39500000	49000000	28.0
40000000	49000000	70.0
40500000	49000000	25.0
41000000	49000000	39.0
41500000	49000000	37.0
42000000	49000000	55.0
42500000	49000000	63.0
43000000	49000000	110.0
43500000	49000000	439.0
44000000	49000000	547.0
44500000	49000000	465.0
45000000	49000000	635.0
45500000	49000000	295.0
46000000	49000000	374.0
46500000	49000000	248.0
47000000	49000000	346.0
47500000	49000000	1335.0
48000000	49000000	1552.0
48500000	49000000	2822.0
49000000	49000000	18156.0
16000000	49500000	2.0
16500000	49500000	13.0
17000000	49500000	89.0
17500000	49500000	178.0
18000000	49500000	184.0
18500000	49500000	118.0
19000000	49500000	152.0
19500000	49500000	158.0
20000000	49500000	54.0
20500000	49500000	68.0
21000000	49500000	121.0
21500000	49500000	21.0
22000000	49500000	155.0
22500000	49500000	280.0
23000000	49500000	244.0
23500000	49500000	182.0
24000000	49500000	67.0
24500000	49500000	102.0
25000000	49500000	290.0
25500000	49500000	306.0
26000000	49500000	456.0
26500000	49500000	349.0
27000000	49500000	346.0
27500000	49500000	442.0
28000000	49500000	339.0
28500000	49500000	346.0
29000000	49500000	209.0
29500000	49500000	178.0
30000000	49500000	148.0
30500000	49500000	110.0
31000000	49500000	221.0
31500000	49500000	97.0
32000000	49500000	192.0
32500000	49500000	332.0
33000000	49500000	439.0
33500000	49500000	353.0
34000000	49500000	256.0
34500000	49500000	281.0
35000000	49500000	373.0
35500000	49500000	309.0
36000000	49500000	343.0
36500000	49500000	121.0
37000000	49500000	199.0
37500000	49500000	77.0
38000000	49500000	56.0
38500000	49500000	64.0
39000000	49500000	42.0
39500000	49500000	71.0
40000000	49500000	115.0
40500000	49500000	53.0
41000000	49500000	73.0
41500000	49500000	46.0
42000000	49500000	87.0
42500000	49500000	88.0
43000000	49500000	170.0
43500000	49500000	468.0
44000000	49500000	542.0
44500000	49500000	495.0
45000000	49500000	593.0
45500000	49500000	322.0
46000000	49500000	428.0
46500000	49500000	354.0
47000000	49500000	465.0
47500000	49500000	938.0
48000000	49500000	1007.0
48500000	49500000	1427.0
49000000	49500000	3034.0
49500000	49500000	20729.0
16500000	50000000	2.0
17000000	50000000	43.0
17500000	50000000	138.0
18000000	50000000	144.0
18500000	50000000	73.0
19000000	50000000	186.0
19500000	50000000	173.0
20000000	50000000	84.0
20500000	50000000	113.0
21000000	50000000	178.0
21500000	50000000	44.0
22000000	50000000	185.0
22500000	50000000	123.0
23000000	50000000	149.0
23500000	50000000	144.0
24000000	50000000	149.0
24500000	50000000	149.0
25000000	50000000	127.0
25500000	50000000	137.0
26000000	50000000	113.0
26500000	50000000	162.0
27000000	50000000	113.0
27500000	50000000	93.0
28000000	50000000	121.0
28500000	50000000	112.0
29000000	50000000	174.0
29500000	50000000	210.0
30000000	50000000	150.0
30500000	50000000	168.0
31000000	50000000	176.0
31500000	50000000	191.0
32000000	50000000	183.0
32500000	50000000	160.0
33000000	50000000	108.0
33500000	50000000	68.0
34000000	50000000	51.0
34500000	50000000	44.0
35000000	50000000	81.0
35500000	50000000	223.0
36000000	50000000	235.0
36500000	50000000	220.0
37000000	50000000	203.0
37500000	50000000	138.0
38000000	50000000	148.0
38500000	50000000	118.0
39000000	50000000	110.0
39500000	50000000	95.0
40000000	50000000	108.0
40500000	50000000	87.0
41000000	50000000	96.0
41500000	50000000	110.0
42000000	50000000	166.0
42500000	50000000	155.0
43000000	50000000	229.0
43500000	50000000	218.0
44000000	50000000	234.0
44500000	50000000	245.0
45000000	50000000	225.0
45500000	50000000	285.0
46000000	50000000	262.0
46500000	50000000	294.0
47000000	50000000	406.0
47500000	50000000	236.0
48000000	50000000	221.0
48500000	50000000	325.0
49000000	50000000	629.0
49500000	50000000	2590.0
50000000	50000000	20254.0
16500000	50500000	1.0
17000000	50500000	28.0
17500000	50500000	129.0
18000000	50500000	129.0
18500000	50500000	74.0
19000000	50500000	191.0
19500000	50500000	164.0
20000000	50500000	81.0
20500000	50500000	71.0
21000000	50500000	147.0
21500000	50500000	39.0
22000000	50500000	155.0
22500000	50500000	69.0
23000000	50500000	119.0
23500000	50500000	115.0
24000000	50500000	143.0
24500000	50500000	144.0
25000000	50500000	67.0
25500000	50500000	77.0
26000000	50500000	52.0
26500000	50500000	97.0
27000000	50500000	72.0
27500000	50500000	30.0
28000000	50500000	72.0
28500000	50500000	67.0
29000000	50500000	138.0
29500000	50500000	156.0
30000000	50500000	167.0
30500000	50500000	180.0
31000000	50500000	153.0
31500000	50500000	203.0
32000000	50500000	163.0
32500000	50500000	86.0
33000000	50500000	56.0
33500000	50500000	23.0
34000000	50500000	17.0
34500000	50500000	16.0
35000000	50500000	35.0
35500000	50500000	140.0
36000000	50500000	145.0
36500000	50500000	210.0
37000000	50500000	188.0
37500000	50500000	162.0
38000000	50500000	174.0
38500000	50500000	152.0
39000000	50500000	125.0
39500000	50500000	112.0
40000000	50500000	102.0
40500000	50500000	80.0
41000000	50500000	118.0
41500000	50500000	176.0
42000000	50500000	145.0
42500000	50500000	142.0
43000000	50500000	178.0
43500000	50500000	129.0
44000000	50500000	122.0
44500000	50500000	143.0
45000000	50500000	127.0
45500000	50500000	191.0
46000000	50500000	136.0
46500000	50500000	218.0
47000000	50500000	185.0
47500000	50500000	85.0
48000000	50500000	69.0
48500000	50500000	120.0
49000000	50500000	193.0
49500000	50500000	571.0
50000000	50500000	4013.0
50500000	50500000	24259.0
17000000	51000000	24.0
17500000	51000000	54.0
18000000	51000000	65.0
18500000	51000000	33.0
19000000	51000000	74.0
19500000	51000000	59.0
20000000	51000000	36.0
20500000	51000000	34.0
21000000	51000000	48.0
21500000	51000000	8.0
22000000	51000000	67.0
22500000	51000000	31.0
23000000	51000000	43.0
23500000	51000000	51.0
24000000	51000000	41.0
24500000	51000000	49.0
25000000	51000000	50.0
25500000	51000000	31.0
26000000	51000000	28.0
26500000	51000000	62.0
27000000	51000000	33.0
27500000	51000000	28.0
28000000	51000000	40.0
28500000	51000000	18.0
29000000	51000000	57.0
29500000	51000000	62.0
30000000	51000000	53.0
30500000	51000000	51.0
31000000	51000000	70.0
31500000	51000000	52.0
32000000	51000000	69.0
32500000	51000000	51.0
33000000	51000000	37.0
33500000	51000000	22.0
34000000	51000000	14.0
34500000	51000000	13.0
35000000	51000000	26.0
35500000	51000000	71.0
36000000	51000000	67.0
36500000	51000000	74.0
37000000	51000000	83.0
37500000	51000000	51.0
38000000	51000000	66.0
38500000	51000000	60.0
39000000	51000000	46.0
39500000	51000000	57.0
40000000	51000000	41.0
40500000	51000000	27.0
41000000	51000000	34.0
41500000	51000000	58.0
42000000	51000000	51.0
42500000	51000000	46.0
43000000	51000000	71.0
43500000	51000000	72.0
44000000	51000000	58.0
44500000	51000000	68.0
45000000	51000000	57.0
45500000	51000000	85.0
46000000	51000000	51.0
46500000	51000000	77.0
47000000	51000000	71.0
47500000	51000000	48.0
48000000	51000000	39.0
48500000	51000000	60.0
49000000	51000000	87.0
49500000	51000000	228.0
50000000	51000000	824.0
50500000	51000000	4303.0
51000000	51000000	7722.0
